Sample	FastQC_mqc-generalstats-fastqc-percent_duplicates	FastQC_mqc-generalstats-fastqc-percent_gc	FastQC_mqc-generalstats-fastqc-avg_sequence_length	FastQC_mqc-generalstats-fastqc-percent_fails	FastQC_mqc-generalstats-fastqc-total_sequences
SRR10207204_1	38.98690503450284	45.0	101.0	30.0	11645096.0
SRR10207204_2	49.172962890447614	45.0	101.0	10.0	11645096.0
SRR10207206_1	50.87427742688365	45.0	101.0	18.181818181818183	16360188.0
SRR10207206_2	50.69365087404425	45.0	101.0	18.181818181818183	16360188.0
SRR10207210_1	45.207348528862745	44.0	101.0	9.090909090909092	10377083.0
SRR10207210_2	44.538615689590635	44.0	101.0	9.090909090909092	10377083.0
SRR10207212_1	31.78537531053084	45.0	101.0	30.0	8601275.0
SRR10207212_2	40.90403644590973	45.0	101.0	10.0	8601275.0
SRR10207216_1	35.21311475396955	44.0	101.0	9.090909090909092	3343803.0
